255 255 255 255 255 255 255 255 255 255 255 255 255 255 255 255
255 255 255 255 255 255 255 255 255 255 255 255 255 255 255 255
255 255 239 191 119 112  64 112 191   0 255 119 191 239 255 255
255 255 191   0 119 255 159 207 191   0 112 119   0 191 255 255
255 255 119 119 124 213 103 163 102  42 213 124 119 119 255 255
255 255 112 112 166 207  48  48  48  48 112 112 112 255 255 255
255 255 239 239  78 112 207  64 159  64 207 199  48  48 255 255
255 255  96  96 179 255 207 207 159  64  16  91 191  48 255 255
255 255  48   0 118  16  64 207 143   0 143  89  64  64 255 255
255 255 191 143  64  64 255 112   0 143 143 191 159 159 255 255
255 255 207 207 213 112 255 112 191 239  64 207   0 143 255 255
255 255 119 119 124 213  98 199  48 197 153 183  48  89 255 255
255 255 191   0 119 207 143 143 207  16 159  64  48 191 255 255
255 255 239 191 119 207  48  48 112  64 207 153 239  96 255 255
255 255 255 255 255 255 255 255 255 255 255 255 255 255 255 255
255 255 255 255 255 255 255 255 255 255 255 255 255 255 255 255
255 255 255 255 255 255 255 255 255 255 255 255 255 255 255 255
255 255 255 255 255 255 255 255 255 255 255 255 255 255 255 255
255 255 239 191 119 112  64 112 191   0 255 119 191 239 255 255
255 255 191   0 119 255 159 207 191   0 112 119   0 191 255 255
255 255 119 119 124 213 103 163 102  42 213 124 119 119 255 255
255 255 112 112 166 207  48  48  48  48 112 112 112 255 255 255
255 255 239 239  78 112 207  64 159  64 207 199  48  48 255 255
255 255  96  96 179 255 207 207 159  64  16  91 191  48 255 255
255 255  48   0 118  16  64 207 143   0 143  89  64  64 255 255
255 255 191 143  64  64 255 112   0 143 143 191 159 159 255 255
255 255 207 207 213 112 255 112 191 239  64 207   0 143 255 255
255 255 119 119 124 213  98 199  48 197 153 183  48  89 255 255
255 255 191   0 119 207 143 143 207  16 159  64  48 191 255 255
255 255 239 191 119 207  48  48 112  64 207 153 239  96 255 255
255 255 255 255 255 255 255 255 255 255 255 255 255 255 255 255
255 255 255 255 255 255 255 255 255 255 255 255 255 255 255 255
255 255 255 255 255 255 255 255 255 255 255 255 255 255 255 255
255 255 255 255 255 255 255 255 255 255 255 255 255 255 255 255
255 255 239 191 119 112  64 112 191   0 255 119 191 239 255 255
255 255 191   0 119 255 159 207 191   0 112 119   0 191 255 255
255 255 119 119 124 213 103 163 102  42 213 124 119 119 255 255
255 255 112 112 166 207  48  48  48  48 112 112 112 255 255 255
255 255 239 239  78 112 207  64 159  64 207 199  48  48 255 255
255 255  96  96 179 255 207 207 159  64  16  91 191  48 255 255
255 255  48   0 118  16  64 207 143   0 143  89  64  64 255 255
255 255 191 143  64  64 255 112   0 143 143 191 159 159 255 255
255 255 207 207 213 112 255 112 191 239  64 207   0 143 255 255
255 255 119 119 124 213  98 199  48 197 153 183  48  89 255 255
255 255 191   0 119 207 143 143 207  16 159  64  48 191 255 255
255 255 239 191 119 207  48  48 112  64 207 153 239  96 255 255
255 255 255 255 255 255 255 255 255 255 255 255 255 255 255 255
255 255 255 255 255 255 255 255 255 255 255 255 255 255 255 255

255 255 255 255 255 255 255 255 255 255 255 255 255 255 255 255
255 255 255 255 255 255 255 255 255 255 255 255 255 255 255 255
255 255 239 191 119 255  48  48  64 159 143  89 191  96 255 255
255 255 191   0 119 112  48 191  64 159   0  48  48 239 255 255
255 255 119 119 124 112 199  91  89 191 207 183  64 153 255 255
255 255 255 112 213 112 207  16 143 143  64 153 159 207 255 255
255 255   0   0  42  48  64  64   0 143 239 197  16  64 255 255
255 255 191 191 102  48 159 159 143   0 191  48 207 112 255 255
255 255 112 207 163  48  64 207 207 112 112 199 143  48 255 255
255 255  64 159 103  48 207 207  64 255 255  98 143  48 255 255
255 255 112 255 213 207 112 255  16  64 112 213 207 207 255 255
255 255 119 119 124 166  78 179 118  64 213 124 119 119 255 255
255 255 191   0 119 112 239  96   0 143 207 119   0 191 255 255
255 255 239 191 119 112 239  96  48 191 207 119 191 239 255 255
255 255 255 255 255 255 255 255 255 255 255 255 255 255 255 255
255 255 255 255 255 255 255 255 255 255 255 255 255 255 255 255
255 255 255 255 255 255 255 255 255 255 255 255 255 255 255 255
255 255 255 255 255 255 255 255 255 255 255 255 255 255 255 255
255 255 239 191 119 255  48  48  64 159 143  89 191  96 255 255
255 255 191   0 119 112  48 191  64 159   0  48  48 239 255 255
255 255 119 119 124 112 199  91  89 191 207 183  64 153 255 255
255 255 255 112 213 112 207  16 143 143  64 153 159 207 255 255
255 255   0   0  42  48  64  64   0 143 239 197  16  64 255 255
255 255 191 191 102  48 159 159 143   0 191  48 207 112 255 255
255 255 112 207 163  48  64 207 207 112 112 199 143  48 255 255
255 255  64 159 103  48 207 207  64 255 255  98 143  48 255 255
255 255 112 255 213 207 112 255  16  64 112 213 207 207 255 255
255 255 119 119 124 166  78 179 118  64 213 124 119 119 255 255
255 255 191   0 119 112 239  96   0 143 207 119   0 191 255 255
255 255 239 191 119 112 239  96  48 191 207 119 191 239 255 255
255 255 255 255 255 255 255 255 255 255 255 255 255 255 255 255
255 255 255 255 255 255 255 255 255 255 255 255 255 255 255 255
255 255 255 255 255 255 255 255 255 255 255 255 255 255 255 255
255 255 255 255 255 255 255 255 255 255 255 255 255 255 255 255
255 255 239 191 119 255  48  48  64 159 143  89 191  96 255 255
255 255 191   0 119 112  48 191  64 159   0  48  48 239 255 255
255 255 119 119 124 112 199  91  89 191 207 183  64 153 255 255
255 255 255 112 213 112 207  16 143 143  64 153 159 207 255 255
255 255   0   0  42  48  64  64   0 143 239 197  16  64 255 255
255 255 191 191 102  48 159 159 143   0 191  48 207 112 255 255
255 255 112 207 163  48  64 207 207 112 112 199 143  48 255 255
255 255  64 159 103  48 207 207  64 255 255  98 143  48 255 255
255 255 112 255 213 207 112 255  16  64 112 213 207 207 255 255
255 255 119 119 124 166  78 179 118  64 213 124 119 119 255 255
255 255 191   0 119 112 239  96   0 143 207 119   0 191 255 255
255 255 239 191 119 112 239  96  48 191 207 119 191 239 255 255
255 255 255 255 255 255 255 255 255 255 255 255 255 255 255 255
255 255 255 255 255 255 255 255 255 255 255 255 255 255 255 255

255 255 255 255 255 255 255 255 255 255 255 255 255 255 255 255
255 255 204 244 197 197 194 249 239 242 234 197 182 182 234 255
255 237 102 202 157 152  75 131  91  87 177 125 149 187 182 255
255 190 165  54  60 131 101 208 183 181 195 131  13 149 182 255
255 218 102  33 183 122 196  77 138 102 147 114 127 123 198 255
255 240 145  20 157 109 168 136 103 177 135 155 154 150 253 255
255 255 125 165 175 109 151  55 107 176 102 100 189 200 220 255
255 236  73 109  98  85  52  87 143 131  22  98  27  99 203 255
255 197  74 213  91  49  41  96 143 193 153 139  78 120 188 255
255 228 135 120 139 181 105 166 118 160 130 104 154 166 242 255
255 197 189 142 112  95  76  84  74  75 164 115 131 144 234 255
255 197 123 133 117 154 105 105 146 145 165 114 131 125 197 255
255 182 149  13 126  84  37 119 141 130 224 133  13 149 182 255
255 182 187 149 121 183 104 175 146  71 108 123 149 187 182 255
255 234 182 182 197 234 220 203 182 222 234 197 182 182 234 255
255 255 255 255 255 255 255 255 255 255 255 255 255 255 255 255
255 255 255 255 255 255 255 255 255 255 255 255 255 255 255 255
255 255 204 244 197 197 194 249 239 242 234 197 182 182 234 255
255 237 102 202 157 152  75 131  91  87 177 125 149 187 182 255
255 190 165  54  60 131 101 208 183 181 195 131  13 149 182 255
255 218 102  33 183 122 196  77 138 102 147 114 127 123 198 255
255 240 145  20 157 109 168 136 103 177 135 155 154 150 253 255
255 255 125 165 175 109 151  55 107 176 102 100 189 200 220 255
255 236  73 109  98  85  52  87 143 131  22  98  27  99 203 255
255 197  74 213  91  49  41  96 143 193 153 139  78 120 188 255
255 228 135 120 139 181 105 166 118 160 130 104 154 166 242 255
255 197 189 142 112  95  76  84  74  75 164 115 131 144 234 255
255 197 123 133 117 154 105 105 146 145 165 114 131 125 197 255
255 182 149  13 126  84  37 119 141 130 224 133  13 149 182 255
255 182 187 149 121 183 104 175 146  71 108 123 149 187 182 255
255 234 182 182 197 234 220 203 182 222 234 197 182 182 234 255
255 255 255 255 255 255 255 255 255 255 255 255 255 255 255 255
255 255 255 255 255 255 255 255 255 255 255 255 255 255 255 255
255 255 204 244 197 197 194 249 239 242 234 197 182 182 234 255
255 237 102 202 157 152  75 131  91  87 177 125 149 187 182 255
255 190 165  54  60 131 101 208 183 181 195 131  13 149 182 255
255 218 102  33 183 122 196  77 138 102 147 114 127 123 198 255
255 240 145  20 157 109 168 136 103 177 135 155 154 150 253 255
255 255 125 165 175 109 151  55 107 176 102 100 189 200 220 255
255 236  73 109  98  85  52  87 143 131  22  98  27  99 203 255
255 197  74 213  91  49  41  96 143 193 153 139  78 120 188 255
255 228 135 120 139 181 105 166 118 160 130 104 154 166 242 255
255 197 189 142 112  95  76  84  74  75 164 115 131 144 234 255
255 197 123 133 117 154 105 105 146 145 165 114 131 125 197 255
255 182 149  13 126  84  37 119 141 130 224 133  13 149 182 255
255 182 187 149 121 183 104 175 146  71 108 123 149 187 182 255
255 234 182 182 197 234 220 203 182 222 234 197 182 182 234 255
255 255 255 255 255 255 255 255 255 255 255 255 255 255 255 255

255 255 255 255 255 255 255 255 255 255 255 255 255 255 255 255
255 234 182 182 199 254 221 203 188 243 235 197 182 182 234 255
255 182 188 150 123 150 201  99 120 167 145 126 150 188 182 255
255 182 150  14 128 155 190  28  79 155 132 132  14 150 182 255
255 197 126 132 114 156 101  99 139 105 115 115 133 123 197 255
255 235 177 196 148 136 102  23 154 131 164 166 225 108 235 255
255 243  88 182 103 178 176 131 194 160  76 146 131  71 222 255
255 239  92 184 139 104 108 144 144 118  75 146 141 147 182 255
255 249 132 208  78 136  56  87  96 166  84 106 119 175 203 255
255 194  76 102 197 168 152  53  42 106  77 105  38 105 221 255
255 197 153 132 123 110 110  85  49 181  96 155  84 184 235 255
255 197 157  61 183 158 175  98  92 139 113 118 127 122 197 255
255 245 203  55  33  20 165 110 214 121 143 133  14 150 182 255
255 205 102 166 103 145 126  73  75 135 189 123 150 188 182 255
255 255 237 190 218 240 255 236 197 229 197 197 182 182 234 255
255 255 255 255 255 255 255 255 255 255 255 255 255 255 255 255
255 255 255 255 255 255 255 255 255 255 255 255 255 255 255 255
255 234 182 182 199 254 221 203 188 243 235 197 182 182 234 255
255 182 188 150 123 150 201  99 120 167 145 126 150 188 182 255
255 182 150  14 128 155 190  28  79 155 132 132  14 150 182 255
255 197 126 132 114 156 101  99 139 105 115 115 133 123 197 255
255 235 177 196 148 136 102  23 154 131 164 166 225 108 235 255
255 243  88 182 103 178 176 131 194 160  76 146 131  71 222 255
255 239  92 184 139 104 108 144 144 118  75 146 141 147 182 255
255 249 132 208  78 136  56  87  96 166  84 106 119 175 203 255
255 194  76 102 197 168 152  53  42 106  77 105  38 105 221 255
255 197 153 132 123 110 110  85  49 181  96 155  84 184 235 255
255 197 157  61 183 158 175  98  92 139 113 118 127 122 197 255
255 245 203  55  33  20 165 110 214 121 143 133  14 150 182 255
255 205 102 166 103 145 126  73  75 135 189 123 150 188 182 255
255 255 237 190 218 240 255 236 197 229 197 197 182 182 234 255
255 255 255 255 255 255 255 255 255 255 255 255 255 255 255 255
255 255 255 255 255 255 255 255 255 255 255 255 255 255 255 255
255 234 182 182 199 254 221 203 188 243 235 197 182 182 234 255
255 182 188 150 123 150 201  99 120 167 145 126 150 188 182 255
255 182 150  14 128 155 190  28  79 155 132 132  14 150 182 255
255 197 126 132 114 156 101  99 139 105 115 115 133 123 197 255
255 235 177 196 148 136 102  23 154 131 164 166 225 108 235 255
255 243  88 182 103 178 176 131 194 160  76 146 131  71 222 255
255 239  92 184 139 104 108 144 144 118  75 146 141 147 182 255
255 249 132 208  78 136  56  87  96 166  84 106 119 175 203 255
255 194  76 102 197 168 152  53  42 106  77 105  38 105 221 255
255 197 153 132 123 110 110  85  49 181  96 155  84 184 235 255
255 197 157  61 183 158 175  98  92 139 113 118 127 122 197 255
255 245 203  55  33  20 165 110 214 121 143 133  14 150 182 255
255 205 102 166 103 145 126  73  75 135 189 123 150 188 182 255
255 255 237 190 218 240 255 236 197 229 197 197 182 182 234 255
255 255 255 255 255 255 255 255 255 255 255 255 255 255 255 255
