255 255 255 255 255 255 255 255 255 255 255 255 255 255 255 255
255 255 255 255 255 255 255 255 255 255 255 255 255 255 255 255
255 255   0   0   0   0   0   0   0   0   0   0   0   0 255 255
255 255   0   0   0   0   0   0   0   0   0   0   0   0 255 255
255 255   0   0   0   0   0   0   0   0   0   0   0   0 255 255
255 255   0   0   0 187 123 123 255 123 187   0   0   0 255 255
255 255   0   0   0 123 143 255 255 143 123   0   0   0 255 255
255 255   0   0   0 255  64 255 255 191 123   0   0   0 255 255
255 255   0   0   0 255  64 255   0  64 255   0   0   0 255 255
255 255   0   0   0 123 143  64 255 239 156   0   0   0 255 255
255 255   0   0   0 187 123 255 123 123 255   0   0   0 255 255
255 255   0   0   0   0   0   0   0   0   0   0   0   0 255 255
255 255   0   0   0   0   0   0   0   0   0   0   0   0 255 255
255 255   0   0   0   0   0   0   0   0   0   0   0   0 255 255
255 255 255 255 255 255 255 255 255 255 255 255 255 255 255 255
255 255 255 255 255 255 255 255 255 255 255 255 255 255 255 255
255 255 255 255 255 255 255 255 255 255 255 255 255 255 255 255
255 255 255 255 255 255 255 255 255 255 255 255 255 255 255 255
255 255   0   0   0   0   0   0   0   0   0   0   0   0 255 255
255 255   0   0   0   0   0   0   0   0   0   0   0   0 255 255
255 255   0   0   0   0   0   0   0   0   0   0   0   0 255 255
255 255   0   0   0 187 123 123 255 123 187   0   0   0 255 255
255 255   0   0   0 123 143 255 255 143 123   0   0   0 255 255
255 255   0   0   0 255  64 255 255 191 123   0   0   0 255 255
255 255   0   0   0 255  64 255   0  64 255   0   0   0 255 255
255 255   0   0   0 123 143  64 255 239 156   0   0   0 255 255
255 255   0   0   0 187 123 255 123 123 255   0   0   0 255 255
255 255   0   0   0   0   0   0   0   0   0   0   0   0 255 255
255 255   0   0   0   0   0   0   0   0   0   0   0   0 255 255
255 255   0   0   0   0   0   0   0   0   0   0   0   0 255 255
255 255 255 255 255 255 255 255 255 255 255 255 255 255 255 255
255 255 255 255 255 255 255 255 255 255 255 255 255 255 255 255
255 255 255 255 255 255 255 255 255 255 255 255 255 255 255 255
255 255 255 255 255 255 255 255 255 255 255 255 255 255 255 255
255 255   0   0   0   0   0   0   0   0   0   0   0   0 255 255
255 255   0   0   0   0   0   0   0   0   0   0   0   0 255 255
255 255   0   0   0   0   0   0   0   0   0   0   0   0 255 255
255 255   0   0   0 187 123 123 255 123 187   0   0   0 255 255
255 255   0   0   0 123 143 255 255 143 123   0   0   0 255 255
255 255   0   0   0 255  64 255 255 191 123   0   0   0 255 255
255 255   0   0   0 255  64 255   0  64 255   0   0   0 255 255
255 255   0   0   0 123 143  64 255 239 156   0   0   0 255 255
255 255   0   0   0 187 123 255 123 123 255   0   0   0 255 255
255 255   0   0   0   0   0   0   0   0   0   0   0   0 255 255
255 255   0   0   0   0   0   0   0   0   0   0   0   0 255 255
255 255   0   0   0   0   0   0   0   0   0   0   0   0 255 255
255 255 255 255 255 255 255 255 255 255 255 255 255 255 255 255
255 255 255 255 255 255 255 255 255 255 255 255 255 255 255 255

255 255 255 255 255 255 255 255 255 255 255 255 255 255 255 255
255 214 153 153 153 153 153 153 153 153 153 153 153 153 214 255
255 153   0   0   0   0   0   0   0   0   0   0   0   0 153 255
255 153   0   0   0   0   0   0   0   0   0   0   0   0 153 255
255 153   0   0  10  51  51  51  51  51  51  10   0   0 153 255
255 153   0   0  51 213 185 180 196 189 225  51   0   0 153 255
255 153   0   0  51 180 130 136 117  92 204  51   0   0 153 255
255 153   0   0  51 198  95  99  97 152 180  51   0   0 153 255
255 153   0   0  51 186 139 137 121 139 187  51   0   0 153 255
255 153   0   0  51 185 129 113 118 129 186  51   0   0 153 255
255 153   0   0  51 213 186 198 193 185 213  51   0   0 153 255
255 153   0   0  10  51  51  51  51  51  51  10   0   0 153 255
255 153   0   0   0   0   0   0   0   0   0   0   0   0 153 255
255 153   0   0   0   0   0   0   0   0   0   0   0   0 153 255
255 214 153 153 153 153 153 153 153 153 153 153 153 153 214 255
255 255 255 255 255 255 255 255 255 255 255 255 255 255 255 255
255 255 255 255 255 255 255 255 255 255 255 255 255 255 255 255
255 214 153 153 153 153 153 153 153 153 153 153 153 153 214 255
255 153   0   0   0   0   0   0   0   0   0   0   0   0 153 255
255 153   0   0   0   0   0   0   0   0   0   0   0   0 153 255
255 153   0   0  10  51  51  51  51  51  51  10   0   0 153 255
255 153   0   0  51 213 185 180 196 189 225  51   0   0 153 255
255 153   0   0  51 180 130 136 117  92 204  51   0   0 153 255
255 153   0   0  51 198  95  99  97 152 180  51   0   0 153 255
255 153   0   0  51 186 139 137 121 139 187  51   0   0 153 255
255 153   0   0  51 185 129 113 118 129 186  51   0   0 153 255
255 153   0   0  51 213 186 198 193 185 213  51   0   0 153 255
255 153   0   0  10  51  51  51  51  51  51  10   0   0 153 255
255 153   0   0   0   0   0   0   0   0   0   0   0   0 153 255
255 153   0   0   0   0   0   0   0   0   0   0   0   0 153 255
255 214 153 153 153 153 153 153 153 153 153 153 153 153 214 255
255 255 255 255 255 255 255 255 255 255 255 255 255 255 255 255
255 255 255 255 255 255 255 255 255 255 255 255 255 255 255 255
255 214 153 153 153 153 153 153 153 153 153 153 153 153 214 255
255 153   0   0   0   0   0   0   0   0   0   0   0   0 153 255
255 153   0   0   0   0   0   0   0   0   0   0   0   0 153 255
255 153   0   0  10  51  51  51  51  51  51  10   0   0 153 255
255 153   0   0  51 213 185 180 196 189 225  51   0   0 153 255
255 153   0   0  51 180 130 136 117  92 204  51   0   0 153 255
255 153   0   0  51 198  95  99  97 152 180  51   0   0 153 255
255 153   0   0  51 186 139 137 121 139 187  51   0   0 153 255
255 153   0   0  51 185 129 113 118 129 186  51   0   0 153 255
255 153   0   0  51 213 186 198 193 185 213  51   0   0 153 255
255 153   0   0  10  51  51  51  51  51  51  10   0   0 153 255
255 153   0   0   0   0   0   0   0   0   0   0   0   0 153 255
255 153   0   0   0   0   0   0   0   0   0   0   0   0 153 255
255 214 153 153 153 153 153 153 153 153 153 153 153 153 214 255
255 255 255 255 255 255 255 255 255 255 255 255 255 255 255 255

255 255 255 255 255 255 255 255 255 255 255 255 255 255 255 255
255 214 153 153 153 153 153 153 153 153 153 153 153 153 214 255
255 153   0   0   0   0   0   0   0   0   0   0   0   0 153 255
255 153   0   0   0   0   0   0   0   0   0   0   0   0 153 255
255 153   0   0  10  51  51  51  51  51  51  10   0   0 153 255
255 153   0   0  51 225 204 180 187 186 213  51   0   0 153 255
255 153   0   0  51 189  92 152 139 129 185  51   0   0 153 255
255 153   0   0  51 196 117  97 121 118 193  51   0   0 153 255
255 153   0   0  51 180 136  99 137 113 198  51   0   0 153 255
255 153   0   0  51 185 130  95 139 129 186  51   0   0 153 255
255 153   0   0  51 213 180 198 186 185 213  51   0   0 153 255
255 153   0   0  10  51  51  51  51  51  51  10   0   0 153 255
255 153   0   0   0   0   0   0   0   0   0   0   0   0 153 255
255 153   0   0   0   0   0   0   0   0   0   0   0   0 153 255
255 214 153 153 153 153 153 153 153 153 153 153 153 153 214 255
255 255 255 255 255 255 255 255 255 255 255 255 255 255 255 255
255 255 255 255 255 255 255 255 255 255 255 255 255 255 255 255
255 214 153 153 153 153 153 153 153 153 153 153 153 153 214 255
255 153   0   0   0   0   0   0   0   0   0   0   0   0 153 255
255 153   0   0   0   0   0   0   0   0   0   0   0   0 153 255
255 153   0   0  10  51  51  51  51  51  51  10   0   0 153 255
255 153   0   0  51 225 204 180 187 186 213  51   0   0 153 255
255 153   0   0  51 189  92 152 139 129 185  51   0   0 153 255
255 153   0   0  51 196 117  97 121 118 193  51   0   0 153 255
255 153   0   0  51 180 136  99 137 113 198  51   0   0 153 255
255 153   0   0  51 185 130  95 139 129 186  51   0   0 153 255
255 153   0   0  51 213 180 198 186 185 213  51   0   0 153 255
255 153   0   0  10  51  51  51  51  51  51  10   0   0 153 255
255 153   0   0   0   0   0   0   0   0   0   0   0   0 153 255
255 153   0   0   0   0   0   0   0   0   0   0   0   0 153 255
255 214 153 153 153 153 153 153 153 153 153 153 153 153 214 255
255 255 255 255 255 255 255 255 255 255 255 255 255 255 255 255
255 255 255 255 255 255 255 255 255 255 255 255 255 255 255 255
255 214 153 153 153 153 153 153 153 153 153 153 153 153 214 255
255 153   0   0   0   0   0   0   0   0   0   0   0   0 153 255
255 153   0   0   0   0   0   0   0   0   0   0   0   0 153 255
255 153   0   0  10  51  51  51  51  51  51  10   0   0 153 255
255 153   0   0  51 225 204 180 187 186 213  51   0   0 153 255
255 153   0   0  51 189  92 152 139 129 185  51   0   0 153 255
255 153   0   0  51 196 117  97 121 118 193  51   0   0 153 255
255 153   0   0  51 180 136  99 137 113 198  51   0   0 153 255
255 153   0   0  51 185 130  95 139 129 186  51   0   0 153 255
255 153   0   0  51 213 180 198 186 185 213  51   0   0 153 255
255 153   0   0  10  51  51  51  51  51  51  10   0   0 153 255
255 153   0   0   0   0   0   0   0   0   0   0   0   0 153 255
255 153   0   0   0   0   0   0   0   0   0   0   0   0 153 255
255 214 153 153 153 153 153 153 153 153 153 153 153 153 214 255
255 255 255 255 255 255 255 255 255 255 255 255 255 255 255 255

255 255 255 255 255 255 255 255 255 255 255 255 255 255 255 255
255 214 153 153 153 153 153 153 153 153 153 153 153 153 214 255
255 153   0   0   0   0   0   0   0   0   0   0   0   0 153 255
255 153   0   0   0   0   0   0   0   0   0   0   0   0 153 255
255 153   0   0  10  51  51  51  51  51  51  10   0   0 153 255
255 153   0   0  51 213 185 193 198 186 213  51   0   0 153 255
255 153   0   0  51 186 129 118 113 129 185  51   0   0 153 255
255 153   0   0  51 187 139 121 137 139 186  51   0   0 153 255
255 153   0   0  51 180 152  97  99  95 198  51   0   0 153 255
255 153   0   0  51 204  92 117 136 130 180  51   0   0 153 255
255 153   0   0  51 225 189 196 180 185 213  51   0   0 153 255
255 153   0   0  10  51  51  51  51  51  51  10   0   0 153 255
255 153   0   0   0   0   0   0   0   0   0   0   0   0 153 255
255 153   0   0   0   0   0   0   0   0   0   0   0   0 153 255
255 214 153 153 153 153 153 153 153 153 153 153 153 153 214 255
255 255 255 255 255 255 255 255 255 255 255 255 255 255 255 255
255 255 255 255 255 255 255 255 255 255 255 255 255 255 255 255
255 214 153 153 153 153 153 153 153 153 153 153 153 153 214 255
255 153   0   0   0   0   0   0   0   0   0   0   0   0 153 255
255 153   0   0   0   0   0   0   0   0   0   0   0   0 153 255
255 153   0   0  10  51  51  51  51  51  51  10   0   0 153 255
255 153   0   0  51 213 185 193 198 186 213  51   0   0 153 255
255 153   0   0  51 186 129 118 113 129 185  51   0   0 153 255
255 153   0   0  51 187 139 121 137 139 186  51   0   0 153 255
255 153   0   0  51 180 152  97  99  95 198  51   0   0 153 255
255 153   0   0  51 204  92 117 136 130 180  51   0   0 153 255
255 153   0   0  51 225 189 196 180 185 213  51   0   0 153 255
255 153   0   0  10  51  51  51  51  51  51  10   0   0 153 255
255 153   0   0   0   0   0   0   0   0   0   0   0   0 153 255
255 153   0   0   0   0   0   0   0   0   0   0   0   0 153 255
255 214 153 153 153 153 153 153 153 153 153 153 153 153 214 255
255 255 255 255 255 255 255 255 255 255 255 255 255 255 255 255
255 255 255 255 255 255 255 255 255 255 255 255 255 255 255 255
255 214 153 153 153 153 153 153 153 153 153 153 153 153 214 255
255 153   0   0   0   0   0   0   0   0   0   0   0   0 153 255
255 153   0   0   0   0   0   0   0   0   0   0   0   0 153 255
255 153   0   0  10  51  51  51  51  51  51  10   0   0 153 255
255 153   0   0  51 213 185 193 198 186 213  51   0   0 153 255
255 153   0   0  51 186 129 118 113 129 185  51   0   0 153 255
255 153   0   0  51 187 139 121 137 139 186  51   0   0 153 255
255 153   0   0  51 180 152  97  99  95 198  51   0   0 153 255
255 153   0   0  51 204  92 117 136 130 180  51   0   0 153 255
255 153   0   0  51 225 189 196 180 185 213  51   0   0 153 255
255 153   0   0  10  51  51  51  51  51  51  10   0   0 153 255
255 153   0   0   0   0   0   0   0   0   0   0   0   0 153 255
255 153   0   0   0   0   0   0   0   0   0   0   0   0 153 255
255 214 153 153 153 153 153 153 153 153 153 153 153 153 214 255
255 255 255 255 255 255 255 255 255 255 255 255 255 255 255 255
